2564
522
145
148
149
149
150
152
153
155
159
161
162
164
168
169
170
175
175
175
175
175
175
175
175
175
175
175
175
175
175
175
175
175
175
175
175
175
175
175
178
178
178
178
178
178
178
178
178
178
181
181
181
182
182
184
184
184
184
184
186
187
187
187
187
187
188
190
195
197
198
200
200
200
200
200
200
200
200
200
200
200
200
200
200
200
200
200
200
202
202
203
203
203
203
203
203
203
203
203
203
203
203
203
203
203
204
205
206
206
206
206
206
218
218
223
225
226
229
230
232
240
250
250
250
250
250
250
250
250
250
250
250
250
250
250
250
250
250
250
250
250
250
250
250
250
250
250
250
250
250
250
250
250
250
250
250
250
250
250
250
250
250
250
250
250
250
250
250
250
252
252
253
253
253
253
253
253
253
253
253
253
253
253
253
253
253
253
253
253
253
253
253
253
253
253
254
254
254
255
255
256
256
256
256
256
256
256
256
256
256
256
256
256
256
256
256
257
257
259
259
259
259
259
259
259
262
262
262
262
262
264
265
266
266
266
269
269
272
273
277
279
287
290
295
295
297
300
300
300
300
300
300
300
301
302
303
303
303
303
303
306
306
306
309
309
309
311
312
314
321
325
325
325
325
325
327
331
334
334
337
338
338
345
350
350
350
353
356
356
356
357
359
359
359
359
361
362
365
371
375
375
375
375
375
375
375
375
375
378
379
380
380
381
381
381
381
381
381
381
381
384
384
384
388
393
396
397
397
402
406
406
410
415
415
417
422
425
425
425
427
428
428
428
431
432
433
433
434
434
436
436
437
438
441
450
450
450
450
450
450
453
453
458
459
459
459
469
477
482
487
490
493
500
500
500
500
500
500
506
506
506
507
508
509
509
520
525
528
548
550
550
550
550
550
550
551
556
556
562
563
567
575
575
577
578
578
578
584
600
600
600
603
603
609
612
618
625
625
625
628
631
631
641
660
674
681
684
700
734
740
750
750
762
771
800
809
809
815
816
818
818
825
828
836
849
850
857
875
878
881
900
912
921
928
966
981
1000
1000
1003
1012
1019
1042
1046
1053
1056
1059
1072
1081
1084
1096
1107
1116
1128
1169
1224
1228
1250
1252
1301
1331
1348
1349
1357
1373
1406
1407
1407
1434
1446
1450
1484
1513
1524
1525
1591
1622
1632
1641
1641
1672
1693
1818
1831
1883
1992
2012
2062
2069
2164
2229
2302
2747
2889
3040
3764
3853
4443
4526
4731
5000
6182
8751
18499
